Number	Soiltype	Sample	Attribute	pH	Organics	Available.N	K	Total.N	P	Fe	Mn	Cu	Zn	Mg	ECsw
D1	Rhizosphere	1	Others	4.89	35.33123038	0.123725	0.1	1.786108939	0.07536245	31.99976648	0.058508903	0.02358465	0.073096605	0.697026308	0.0945
D2	Rhizosphere	1	Others	4.75	46.1921211	0.161525	0.103	2.378067133	0.7403122	31.78515396	0.067695625	0.037765087	0.091327242	0.692533337	0.0954
D3	Rhizosphere	1	Others	4.68	44.54449403	0.141575	0.099	2.238146134	0.6581976	41.85276162	0.068235084	0.045776564	0.107870213	0.875019662	0.0888
D4	Rhizosphere	1	Others	5	45.83144365	0.098875	0.13	2.309778962	0.50200135	41.83933815	0.084739096	0.047847795	0.11741636	0.834890887	0.123
D5	Rhizosphere	1	Others	4.73	42.26497651	0.146475	0.173	2.12715525	0.54841395	40.53050252	0.100828079	0.102457653	0.148496799	0.986944416	0.1133
D6	Rhizosphere	1	Others	5.29	37.76067348	0.131775	0.147	2.001563916	0.25387245	41.78584944	0.07795258	0.033747022	0.105603856	0.822065494	0.0988
D7	Rhizosphere	1	Others	4.75	46.20630707	0.147525	0.1	2.40127048	0.3118882	42.93522455	0.08253995	0.054366472	0.116476184	0.837441643	0.092
D8	Rhizosphere	1	Others	4.89	44.10284621	0.141925	0.1	2.346453045	0.3136733	44.02767302	0.083367259	0.03570225	0.106076465	0.879660849	0.0962
D1	Bulksoil	1	Others	3.86	48.17396128	0.144725	0.289	2.305799164	0.51449705	36.64153881	0.080520414	0.06022115	0.088904892	0.838910741	0.1615
D2	Bulksoil	1	Others	4.04	48.07729112	0.172025	0.243	2.430950865	0.17889825	43.33363715	0.053712651	0.040628066	0.098349125	0.834521697	0.1605
D3	Bulksoil	1	Others	4.21	44.92184454	0.143325	0.196	2.88430128	0.3583008	38.7975667	0.057887209	0.039204715	0.083058661	0.831645425	0.1148
D4	Bulksoil	1	Others	4.48	37.29513381	0.085925	0.2835	1.95030565	0.368565125	44.57947877	0.068965615	0.044558264	0.087391326	0.918194892	0.1246
L1	Rhizosphere	1	Others	4.97	23.78606775	0.055125	0.189	1.554267692	0.3672263	25.07370001	0.148049219	0.016625306	0.045806483	1.402674922	0.0994
L2	Rhizosphere	1	Others	5.96	19.78519903	0.103075	0.242	1.232514217	0.26458305	27.02721015	0.204445862	0.016925366	0.061679116	1.960004569	0.1574
L3	Rhizosphere	1	Others	5.68	45.24628009	0.128975	0.199	2.626912617	0.48236525	24.29851943	0.327439174	0.017066086	0.073671997	1.551164612	0.1688
L4	Rhizosphere	1	Others	4.43	17.70784943	0.058275	0.208	1.114195245	0.00931375	28.2240835	0.246154561	0.015477044	0.063676153	1.297948537	0.1149
L5	Rhizosphere	1	Others	3.9	17.11463747	0.045325	0.19	1.030209217	0.15033665	23.7541913	0.18518587	0.013366526	0.055159664	1.112877456	0.1373
L6	Rhizosphere	1	Others	4.53	15.85151409	0.055125	0.144	1.044701312	0.05037105	30.0699085	0.365414036	0.016687678	0.080772397	1.415449031	0.1107
L7	Rhizosphere	1	Others	4.57	15.31228111	0.061075	0.13	0.949279851	0.0869656	22.37399135	0.214234932	0.013954172	0.070192347	1.480698128	0.0823
L8	Rhizosphere	1	Others	4.38	21.28582767	0.089425	0.079	0.943626004	0.0137765	24.82354393	0.416476037	0.018767033	0.064422857	1.798952522	0.0981
L1	Bulksoil	1	Others	4.41	9.973453064	0.026775	0.166	0.664135998	0.07714755	28.94903809	0.304677857	0.014486059	0.05770893	1.58313883	0.1054
L2	Bulksoil	1	Others	4.19	8.145321934	0.068075	0.537	0.862539582	0.5350257	28.28596503	0.093825602	0.014130713	0.051491793	1.397605658	0.136
L3	Bulksoil	1	Others	4.67	18.36726989	0.055825	0.161	1.026372664	0.10035385	22.93294635	0.227786438	0.013341008	0.057408525	1.596137245	0.1013
L4	Bulksoil	1	Others	4.4	11.7027924	0.068425	0.359157852	0.706558027	0.030139917	22.96461821	0.355199823	0.015259523	0.067620913	2.028739484	0.1351
MA1	Rhizosphere	1	Xinhui	4.4	43.80489305	0.149275	0.1733	2.467488543	0.5011088	48.11298449	0.288045417	0.048311908	0.114048942	5.127476493	0.3278
MA2	Rhizosphere	1	Xinhui	5.13	77.51362236	0.506625	0.2313	4.525132166	0.72692395	44.40768686	0.472141092	0.084494683	0.176321366	4.648885458	0.2885
MA3	Rhizosphere	1	Xinhui	4.94	107.4841785	0.450625	0.2628	6.269072702	0.6903294	38.49181496	0.331933168	0.05987586	0.119524865	4.09146029	0.3019
MA4	Rhizosphere	1	Xinhui	5.31	84.00724129	0.340725	0.2483	5.019164706	0.80725345	38.80135592	0.280382199	0.057932365	0.153491898	4.800057133	0.3261
MA5	Rhizosphere	1	Xinhui	4.35	56.13306937	0.207725	0.2762	3.165702168	1.03574625	46.82601212	0.259615226	0.068903738	0.111984967	5.129039645	0.2891
MA1	Bulksoil	1	Xinhui	5.41	34.38963807	0.147175	0.2583	2.079580699	0.5064641	50.09966094	0.350351786	0.042175022	0.11436057	5.42464971	0.2502
MA2	Bulksoil	1	Xinhui	4.51	28.58546943	0.105875	0.2355	1.749454011	0.70371765	51.22450957	0.30693776	0.042283422	0.10267386	5.305812019	0.2767
MA3	Bulksoil	1	Xinhui	4.43	23.51948633	0.127925	0.1746	1.818377445	0.6046446	51.01290057	0.365789604	0.043997174	0.101835826	5.556545935	0.2588
MA4	Bulksoil	1	Xinhui	4.72	27.79159824	0.123025	0.1363	1.727541678	0.08071775	51.23619084	0.650246848	0.045488886	0.112324593	5.786097314	0.2616
MA5	Bulksoil	1	Xinhui	4.81	26.41307084	0.109025	0.1309	1.657642829	0.029396125	50.69678497	0.644087174	0.04411514	0.117951727	5.641490828	0.2535
MB1	Rhizosphere	1	Xinhui	5.85	76.65208996	0.268275	0.334628566	4.380150838	0.94649125	44.3899447	0.318572806	0.058567029	0.145571969	4.49776622	0.358
MB2	Rhizosphere	1	Xinhui	5.2	72.39923805	0.138425	0.39509965	3.696805502	0.7046102	46.09191519	0.41629255	0.058928999	0.162310337	5.125802579	0.319
MB3	Rhizosphere	1	Xinhui	5.32	96.95771953	0.404425	0.273	5.691200397	0.80368325	43.77522351	0.273748653	0.067227767	0.139586306	4.550845877	0.372
MB4	Rhizosphere	1	Xinhui	4.45	62.96843476	0.272125	0.26	3.813188354	0.5278853	45.23967842	0.255976629	0.049179911	0.148095056	4.743205416	0.339
MB1	Bulksoil	1	Xinhui	4.32	32.15322182	0.142975	0.153	1.835739106	0.25208735	53.73318139	0.366648261	0.044927976	0.124324428	5.122286149	0.2501
MB2	Bulksoil	1	Xinhui	4.79	54.22750876	0.237125	0.337	3.07468927	0.4529111	46.81347152	0.351261501	0.051200175	0.142312044	4.939671491	0.2699
MB3	Bulksoil	1	Xinhui	4.47	24.87074554	0.103075	0.373801228	1.46056147	0.35205295	49.33013012	0.394241773	0.039383805	0.108086201	4.885969019	0.243
MB4	Bulksoil	1	Xinhui	4	28.31052706	0.054425	0.258	1.74421885	0.38239965	49.55762112	0.378790544	0.040486031	0.108496686	4.854679852	0.2716
MC1	Rhizosphere	1	Xinhui	5.01	52.98563412	0.183575	0.268	3.202361672	0.4404154	45.64128715	0.389629359	0.054905882	0.16543034	4.815756796	0.381
MC2	Rhizosphere	1	Xinhui	5.25	55.7605291	0.212975	0.341735554	3.433677971	0.9670199	45.99495311	0.371111814	0.054136436	0.16208889	4.966258421	0.353
MC3	Rhizosphere	1	Xinhui	4.51	62.54992504	0.268625	0.214	4.016998288	1.10893535	44.00336999	0.349829117	0.05425903	0.160913175	4.687759224	0.491
MC4	Rhizosphere	1	Xinhui	4.95	87.31801616	0.317275	0.252	5.165699641	1.06787805	41.67892555	0.449349529	0.060311742	0.202903954	4.210155916	0.442
MC1	Bulksoil	1	Xinhui	4.54	45.36782319	0.207375	0.382920699	2.745123243	0.29314465	48.38876265	0.485070391	0.055847081	0.137942454	4.892385244	0.2588
MC2	Bulksoil	1	Xinhui	4.9	42.42984437	0.177625	0.421792894	2.629637692	0.65551995	45.68115651	0.421683015	0.048563854	0.141008911	4.406074915	0.306
MC3	Bulksoil	1	Xinhui	5.37	64.9113689	0.274575	0.400970204	3.821257825	0.649718375	49.22222599	0.311632749	0.055797158	0.123221189	4.172128292	0.2909
MC4	Bulksoil	1	Xinhui	4.49	49.11950251	0.186375	0.213	2.688971919	0.86616175	46.77019073	0.250590227	0.052449117	0.136161009	4.757220381	0.3609
S2	Rhizosphere	1	Others	4.63	21.96317714	0.056875	0.158	1.261277957	0.3422349	32.07236417	0.048575379	0.028241499	0.035032595	1.844031148	0.072
S3	Rhizosphere	1	Others	5.11	26.95863467	0.082075	0.11	1.55582196	0.29849995	28.55234608	0.059550487	0.029767857	0.047864941	2.005700891	0.0902
S4	Rhizosphere	1	Others	5.36	23.20648324	0.064925	0.164	1.312351102	0.39132515	27.17566924	0.043760715	0.027148956	0.036820492	1.73824792	0.0928
S5	Rhizosphere	1	Others	4.79	19.72503179	0.049875	0.106	1.017142454	0.18425355	26.46471115	0.032422471	0.023747567	0.025746147	1.497685167	0.0595
S6	Rhizosphere	1	Others	4.88	15.61402269	0.036225	0.07	0.851827692	0.20031945	21.75416527	0.029847474	0.020244247	0.024833917	1.176852078	0.0519
S7	Rhizosphere	1	Others	4.85	23.35138084	0.063175	0.092	1.248636429	0.21103005	28.07046155	0.065082356	0.027259334	0.029029239	1.570399911	0.0667
S8	Rhizosphere	1	Others	4.98	21.76306664	0.058975	0.122	0.687745879	0.3583008	31.53264213	0.039256491	0.027789917	0.032316197	1.814693194	0.0644
S1	Bulksoil	1	Others	4.94	22.4144753	0.057575	0.071	1.173652458	0.0673295	25.80769455	0.045016045	0.023220486	0.032715149	1.424183279	0.0635
S2	Bulksoil	1	Others	4.63	15.81834264	0.032375	0.059	0.630890681	0.0084212	28.01074616	0.033877482	0.020054416	0.02384296	1.384501939	0.0534
S3	Bulksoil	1	Others	5.13	15.33142483	0.036225	0.064	0.794774181	0.4600515	20.04698819	0.040547771	0.015997687	0.030417748	0.961059448	0.07
T1	Rhizosphere	1	Xinhui	4.05	24.54542513	0.090125	0.147	1.481235028	0.01288395	46.73286022	0.365800587	0.073964452	0.108857125	5.370290028	0.176
T2	Rhizosphere	1	Xinhui	3.94	26.40769835	0.208775	0.248	1.856803073	0.0655444	44.97251191	0.285336791	0.092649184	0.116730117	5.555084587	0.315
T3	Rhizosphere	1	Xinhui	3.96	27.93027367	0.128625	0.314046186	1.790601667	0.0833954	44.70749489	0.291181944	0.088938853	0.107899607	5.403696868	0.263
T4	Rhizosphere	1	Xinhui	4.14	25.67069221	0.226975	0.421401272	1.813137691	0.08428795	48.40994657	0.418413644	0.072914222	0.119776079	5.873687306	0.323
T5	Rhizosphere	1	Xinhui	3.93	25.67028387	0.134925	0.204	1.655598008	0.0012808	48.18486758	0.277332847	0.072451421	0.111430874	5.748518821	0.278
T6	Rhizosphere	1	Xinhui	3.55	25.73387759	0.188125	0.550625927	1.757742289	0.38418475	43.91653253	0.234096247	0.07206004	0.103878378	5.400113895	0.371
T7	Rhizosphere	1	Xinhui	3.92	25.77815092	0.095725	0.439698601	1.599050407	0.41274635	44.61046876	0.239500304	0.071272092	0.105981021	5.376318011	0.26
T8	Rhizosphere	1	Xinhui	4.26	23.3364144	0.188475	0.158	1.428352787	0.00395845	44.69371519	0.242334394	0.07151186	0.108056202	5.315705233	0.148
T1	Bulksoil	1	Xinhui	4.35	25.35807772	0.104825	0.34	1.645447833	0.0923209	45.95704406	0.310989495	0.05774682	0.108017999	5.233467259	0.176
T2	Bulksoil	1	Xinhui	4.64	27.07439571	0.134575	0.393	1.742620735	0.06643695	46.52157294	0.35522263	0.066856214	0.113582772	5.432743466	0.114
T3	Bulksoil	1	Xinhui	5.3	29.18049416	0.085925	0.395	1.539336315	0.13070055	45.53021173	0.319060094	0.072318214	0.107296297	5.24952452	0.149
T4	Bulksoil	1	Xinhui	4.47	27.66542874	0.125125	0.293	1.805730974	0.0280573	47.77259732	0.294245516	0.060320247	0.111221129	5.577181972	0.15
W1	Rhizosphere	1	Xinhui	4.44	17.3971371	0.125125	0.242	2.035806821	0.1494441	34.25855814	0.173455225	0.051778372	0.105010063	3.985151252	0.2878
W2	Rhizosphere	1	Xinhui	4.58	36.46561489	0.121975	0.312831456	1.878249016	0.36990395	34.74261174	0.160854117	0.038342755	0.105747187	4.132020393	0.3089
W3	Rhizosphere	1	Xinhui	4.7	37.95905741	0.131775	0.404	2.068011405	0.3957879	33.73661602	0.152035026	0.03920695	0.101234544	4.1491854	0.3442
W4	Rhizosphere	1	Xinhui	4.39	43.3281746	0.150325	0.464600677	2.359088512	0.47165465	35.03176987	0.174797938	0.04833844	0.111997095	4.330229077	0.3288
W5	Rhizosphere	1	Xinhui	4.5	43.54552198	0.163975	0.455253948	2.460664232	0.88936805	35.27429735	0.202121287	0.045847519	0.144115386	4.362306629	0.2981
W6	Rhizosphere	1	Xinhui	4.68	43.72972569	0.149275	0.267	2.243103296	0.30564035	33.32099536	0.157689918	0.045165055	0.104741188	4.01960187	0.2788
W1	Bulksoil	1	Xinhui	3.95	40.15661734	0.110075	0.182	1.987589088	0.2690458	34.39545221	0.119782124	0.039569602	0.10391135	4.245865772	0.2933
W2	Bulksoil	1	Xinhui	3.95	33.27162826	0.104475	0.242	1.96132047	0.2494097	33.835995	0.11036795	0.039063149	0.090127358	4.221560818	0.2695
W3	Bulksoil	1	Xinhui	3.96	43.68225591	0.097825	0.262	1.703781891	0.1708653	34.73821654	0.122843058	0.037812491	0.096776574	4.197507438	0.2736
W4	Bulksoil	1	Xinhui	3.79	31.14581222	0.135975	0.484190587	2.26707858	0.74120475	35.54760373	0.112818969	0.042859212	0.094920068	4.024974169	0.3225
W5	Bulksoil	1	Xinhui	3.58	31.63668528	0.123375	0.328314259	1.652635706	0.5475214	36.63484929	0.104461063	0.037255139	0.103742362	3.951556319	0.3255
W6	Bulksoil	1	Xinhui	3.91	36.32434338	0.107275	0.219	1.86866707	0.1583696	32.54669306	0.099320092	0.034370575	0.080737205	3.88122054	0.2942
X1	Rhizosphere	1	Others	4.15	47.00721639	0.175175	0.121	2.559061145	0.10749425	30.08731377	0.065036073	0.016897116	0.085027429	0.896373527	0.1043
X2	Rhizosphere	1	Others	4.17	47.43579646	0.184275	0.149	2.534293333	0.1066017	32.57950429	0.057922893	0.018187537	0.084105105	0.927780033	0.1306
X3	Rhizosphere	1	Others	4.17	48.7935743	0.192325	0.157	2.535174761	0.1815759	21.27700918	0.05009102	0.012160908	0.076754201	0.879185812	0.1301
X4	Rhizosphere	1	Others	4.06	48.45896626	0.358925	0.249	2.686088547	0.1458739	19.57821386	0.055410536	0.014901062	0.081569187	0.929869106	0.1216
X5	Rhizosphere	1	Others	4.03	55.88185987	0.190225	0.267	2.895957626	0.61803285	17.04008577	0.050005709	0.013291183	0.082207347	0.854470602	0.1404
X6	Rhizosphere	1	Others	4.36	48.31693973	0.194775	0.176	2.720494296	0.30564035	22.98661763	0.063098777	0.014091143	0.079564995	0.954761465	0.1261
X7	Rhizosphere	1	Others	4.05	35.31567013	0.146125	0.217	1.94836079	0.11998995	35.23920273	0.055016154	0.011659335	0.068862501	0.764602474	0.1186
X8	Rhizosphere	1	Others	4.04	43.50176847	0.174475	0.176	2.471765686	0.34312745	38.9426449	0.057633558	0.014378957	0.073199854	0.936752552	0.1155
X1	Bulksoil	1	Others	4.37	40.49202653	0.146475	0.167	2.28568741	0.0173467	24.59064563	0.055613503	0.014302582	0.077225681	0.900072925	0.0841
X2	Bulksoil	1	Others	3.88	49.18339234	0.191625	0.083	2.822422581	0.08964325	16.61837423	0.045916574	0.013702781	0.073322135	0.857980174	0.1003
X3	Bulksoil	1	Others	4.04	53.82132976	0.192675	0.071	2.865895936	0.052602425	24.47339789	0.050373246	0.020553776	0.07448413	0.896861342	0.0918
