oil	kos	cor	pvalue	p.adjust	abs_cor	cor2
¦Á.Pinene	K19613	0.526981554227668	0.000119047261582826	0.0027777694369326	0.526981554227668	1
¦Á.Pinene	K15078	0.498154191984452	0.000314488427629693	0.0045596113001622	0.498154191984452	1
¦Á.Pinene	K04733	0.47220413708378	0.000702617585921592	0.00786567847259699	0.47220413708378	1
¦Á.Pinene	K13457	0.608849091445688	4.39770877684985e-06	0.000307839614379489	0.608849091445688	1
¦Á.Pinene	K08286	0.457111845739875	0.00109008820880163	0.0111147588690058	0.457111845739875	1
¦Á.Pinene	K13415	0.384799140451809	0.00692258544520652	0.0339961614571524	0.384799140451809	1
¦Á.Pinene	K13459	0.425678620243035	0.00255820321602641	0.0178247501567515	0.425678620243035	1
¦Á.Pinene	K07478	0.540988069215897	7.18858268897112e-05	0.00182982104810174	0.540988069215897	1
¦Á.Pinene	K20725	0.559120534355697	3.61583010323293e-05	0.0011249249210058	0.559120534355697	1
¦Á.Pinene	K10863	0.520684051364743	0.000148295790469411	0.00308581389453391	0.520684051364743	1
¦Á.Pinene	K05391	-0.385287739811863	0.00684555090379771	0.0339961614571524	0.385287739811863	-1
¦Á.Pinene	K17422	0.40917481963675	0.00388050223513569	0.0244166432772583	0.40917481963675	1
¦Á.Pinene	K20181	0.425895775514171	0.00254386363631928	0.0178247501567515	0.425895775514171	1
¦Á.Pinene	K13420	0.374267109801745	0.00877617176839833	0.0387329605838194	0.374267109801745	1
¦Á.Pinene	K20718	0.417426719939893	0.00315887077234798	0.0208113839119396	0.417426719939893	1
¦Á.Pinene	K20599	0.387133559616514	0.0065612113931801	0.0334025307289169	0.387133559616514	1
¦Á.Pinene	K14497	-0.385504895082999	0.00681155303951595	0.0339961614571524	0.385504895082999	-1
¦Á.Pinene	K14494	0.446959836814298	0.00144865331552438	0.0135207642782276	0.446959836814298	1
¦Á.Pinene	K20716	0.380076013304615	0.00770691397891428	0.0359655985682666	0.380076013304615	1
¦Á.Pinene	K04421	-0.384907718087377	0.0069054019101261	0.0339961614571524	0.384907718087377	-1
¦Á.Pinene	K13448	0.403474493769448	0.00445999250853926	0.0264609217138531	0.403474493769448	1
¦Á.Pinene	K20714	0.507166135736569	0.000234278727717699	0.00409987773505974	0.507166135736569	1
¦Á.Pinene	K01892	0.440390889862454	0.00173336448013111	0.0145141817823535	0.440390889862454	1
¦Á.Pinene	K14495	-0.401031496969175	0.0047306906831834	0.0270325181896194	0.401031496969175	-1
¦Á.Pinene	K14489	-0.570141164365815	2.33427104437446e-05	0.0008714611898998	0.570141164365815	-1
¦Á.Pinene	K18834	0.467263854665451	0.000813050285232881	0.00875592614866179	0.467263854665451	1
¦Á.Pinene	K02183	0.582736170091664	1.38810797216908e-05	0.000706673149467893	0.582736170091664	1
¦Á.Pinene	K13447	0.433007610643853	0.00211182570967506	0.0157682986322405	0.433007610643853	1
¦Á.Pinene	K14504	0.43311618827942	0.00210576794476826	0.0157682986322405	0.43311618827942	1
¦Á.Pinene	K12126	-0.47942454984903	0.000565372314628195	0.00688279339547368	0.47942454984903	-1
¦Á.Pinene	K11340	0.364549411418439	0.0108520396189095	0.0450158680488097	0.364549411418439	1
¦Á.Pinene	K20536	0.512486439879384	0.000196136336318356	0.00392272672636711	0.512486439879384	1
¦Á.Thujene	K19613	0.524761126837271	0.000128698606727028	0.00288284879068544	0.524761126837271	1
¦Á.Thujene	K15078	0.449663378656813	0.00134413545960945	0.0127578958878185	0.449663378656813	1
¦Á.Thujene	K04733	0.393842348194405	0.00561242237897615	0.0299329193545395	0.393842348194405	1
¦Á.Thujene	K13457	0.577432721728844	1.73224529066928e-05	0.000796358058133625	0.577432721728844	1
¦Á.Thujene	K08286	0.395579967819694	0.00538712011217977	0.0294399290599528	0.395579967819694	1
¦Á.Thujene	K13459	0.435708121041211	0.00196565800317947	0.0150790202983631	0.435708121041211	1
¦Á.Thujene	K07478	0.618646887216166	2.78106938056917e-06	0.000259566475519789	0.618646887216166	1
¦Á.Thujene	K20725	0.491203347823878	0.000392503271423308	0.0049954961817512	0.491203347823878	1
¦Á.Thujene	K10863	0.502443574774966	0.000273642721399834	0.00425666455510852	0.502443574774966	1
¦Á.Thujene	K05391	-0.395362765366533	0.00541484409495561	0.0294399290599528	0.395362765366533	-1
¦Á.Thujene	K13420	0.387271973986281	0.00654030936214858	0.0334025307289169	0.387271973986281	1
¦Á.Thujene	K20718	0.403996562879687	0.00440393656461626	0.0264609217138531	0.403996562879687	1
¦Á.Thujene	K20599	0.413119065912455	0.00351927777651911	0.0226528224695483	0.413119065912455	1
¦Á.Thujene	K14497	-0.425282403289477	0.00258455113196496	0.0178247501567515	0.425282403289477	-1
¦Á.Thujene	K04421	-0.411870151806778	0.00363031618818912	0.023102012106658	0.411870151806778	-1
¦Á.Thujene	K20714	0.440323673170885	0.00173651817753158	0.0145141817823535	0.440323673170885	1
¦Á.Thujene	K01892	0.380592998551576	0.00761746919683143	0.0359655985682666	0.380592998551576	1
¦Á.Thujene	K14495	-0.405897084344847	0.00420505196061057	0.0258772428345266	0.405897084344847	-1
¦Á.Thujene	K14489	-0.535404047042166	8.8133629410807e-05	0.00214586228130661	0.535404047042166	-1
¦Á.Thujene	K18834	0.4257168081958	0.00255567635582986	0.0178247501567515	0.4257168081958	1
¦Á.Thujene	K02183	0.504344096240126	0.000257132614904602	0.0041640217462366	0.504344096240126	1
¦Á.Thujene	K13447	0.413770673271938	0.00346253930580761	0.0225467675727007	0.413770673271938	1
¦Á.Thujene	K14504	0.378746777699707	0.00794107690116729	0.036006367093331	0.378746777699707	1
¦Á.Thujene	K12126	-0.438911857225338	0.0018039475334095	0.0148560385104312	0.438911857225338	-1
¦Á.Thujene	K11340	0.395525667206404	0.00539403946697699	0.0294399290599528	0.395525667206404	1
¦Á.Thujene	K20536	0.424902298996445	0.00261005270152433	0.0178247501567515	0.424902298996445	1
¦Â.Pinene	K19613	0.620483745002482	2.54768450856328e-06	0.000259566475519789	0.620483745002482	1
¦Â.Pinene	K15078	0.625424161556443	2.00699357839036e-06	0.000259566475519789	0.625424161556443	1
¦Â.Pinene	K09286	0.450500841371125	0.00131315264524096	0.01267871519543	0.450500841371125	1
¦Â.Pinene	K04733	0.384429556248366	0.00698135458495093	0.0339961614571524	0.384429556248366	1
¦Â.Pinene	K13457	0.671082296961736	1.79036419077627e-07	0.000100260394683471	0.671082296961736	1
¦Â.Pinene	K08286	0.575857125141423	1.84868834923877e-05	0.000796358058133625	0.575857125141423	1
¦Â.Pinene	K13459	0.613263136192846	3.58424584901702e-06	0.000286739667921361	0.613263136192846	1
¦Â.Pinene	K07478	0.503976778795873	0.000260251359139787	0.0041640217462366	0.503976778795873	1
¦Â.Pinene	K21867	-0.380303494071431	0.00766744553966659	0.0359655985682666	0.380303494071431	-1
¦Â.Pinene	K20725	0.520589608087217	0.000148780312772171	0.00308581389453391	0.520589608087217	1
¦Â.Pinene	K10863	0.498330588448489	0.000312705547148813	0.0045596113001622	0.498330588448489	1
¦Â.Pinene	K05391	-0.472108377508232	0.000704623191337657	0.00786567847259699	0.472108377508232	-1
¦Â.Pinene	K20181	0.381932202825484	0.00738994184648082	0.0356755813278384	0.381932202825484	1
¦Â.Pinene	K20599	0.443714554895904	0.00158363361998763	0.0141604718791143	0.443714554895904	1
¦Â.Pinene	K14497	-0.36314776186207	0.011183777035704	0.0453834430434365	0.36314776186207	-1
¦Â.Pinene	K07441	-0.429816240194649	0.00229692046874496	0.0169246771381208	0.429816240194649	-1
¦Â.Pinene	K14494	0.443497393728697	0.00159305308640036	0.0141604718791143	0.443497393728697	1
¦Â.Pinene	K01772	0.379434849402603	0.00781910602397915	0.036006367093331	0.379434849402603	1
¦Â.Pinene	K20716	0.371291305632336	0.00937193760722635	0.0410022270316153	0.371291305632336	1
¦Â.Pinene	K04421	-0.442520168476265	0.00163606050697791	0.0143155294360567	0.442520168476265	-1
¦Â.Pinene	K13448	0.454681193839862	0.00116782120123132	0.0116782120123132	0.454681193839862	1
¦Â.Pinene	K20714	0.477211664937599	0.00060461838067842	0.00705388110791489	0.477211664937599	1
¦Â.Pinene	K11649	0.509134356517042	0.000219447237085647	0.0040731373530832	0.509134356517042	1
¦Â.Pinene	K14495	-0.44176010439104	0.00167022154875337	0.0143896010354136	0.44176010439104	-1
¦Â.Pinene	K14489	-0.494964590356779	0.000348354180349935	0.00475800831697472	0.494964590356779	-1
¦Â.Pinene	K18834	0.561958810440169	3.23523529280662e-05	0.00106572456704218	0.561958810440169	1
¦Â.Pinene	K02183	0.583892088328086	1.32200998161032e-05	0.000706673149467893	0.583892088328086	1
¦Â.Pinene	K20506	0.364776470616123	0.0107991038627207	0.0450158680488097	0.364776470616123	1
¦Â.Pinene	K14504	0.508320002140015	0.000225477246331391	0.0040731373530832	0.508320002140015	1
¦Â.Pinene	K12126	-0.436168204335457	0.0019416712649764	0.0150790202983631	0.436168204335457	-1
¦Â.Pinene	K20536	0.485952401917684	0.000462595655000794	0.00575674592889876	0.485952401917684	1
¦Â.Myrcene	K19613	0.444197158192631	0.00156287772689451	0.0141604718791143	0.444197158192631	1
¦Â.Myrcene	K15078	0.380848987153794	0.00757351400640554	0.0359655985682666	0.380848987153794	1
¦Â.Myrcene	K13428	0.453642386779398	0.00120252612312801	0.0118142917359945	0.453642386779398	1
¦Â.Myrcene	K13457	0.549723160334446	5.18834562121247e-05	0.00138355883232332	0.549723160334446	1
¦Â.Myrcene	K01187	0.36418412981967	0.0109376679168103	0.0450374561280425	0.36418412981967	1
¦Â.Myrcene	K07478	0.557702750002577	3.82094941726918e-05	0.00112617456508986	0.557702750002577	1
¦Â.Myrcene	K20725	0.504885466008757	0.000252597783519081	0.0041640217462366	0.504885466008757	1
¦Â.Myrcene	K10863	0.45722505969162	0.00108658306840947	0.0111147588690058	0.45722505969162	1
¦Â.Myrcene	K05391	-0.399848010173154	0.00486692023394282	0.0275300538485654	0.399848010173154	-1
¦Â.Myrcene	K20181	0.374226470558474	0.0087840821324019	0.0387329605838194	0.374226470558474	1
¦Â.Myrcene	K13420	0.365649768738306	0.010597569121727	0.0446398829075083	0.365649768738306	1
¦Â.Myrcene	K20718	0.368961027035966	0.00986251317112571	0.0421603616475603	0.368961027035966	1
¦Â.Myrcene	K14497	-0.457062210922883	0.00109162810320592	0.0111147588690058	0.457062210922883	-1
¦Â.Myrcene	K20714	0.378569104391471	0.00797283842780901	0.036006367093331	0.378569104391471	1
¦Â.Myrcene	K14495	-0.402345024627127	0.0045834096540067	0.0264609217138531	0.402345024627127	-1
¦Â.Myrcene	K14489	-0.552437306480069	4.67971350899122e-05	0.00131031978251754	0.552437306480069	-1
¦Â.Myrcene	K18834	0.417924223503002	0.00311941787171534	0.0207961191447689	0.417924223503002	1
¦Â.Myrcene	K02183	0.495385954499077	0.000343698975766247	0.00475800831697472	0.495385954499077	1
¦Â.Myrcene	K13447	0.493377486351316	0.000366404534963547	0.00477177999022294	0.493377486351316	1
¦Â.Myrcene	K14802	-0.398599502946167	0.00501434093525594	0.0280803092374332	0.398599502946167	-1
¦Â.Myrcene	K20536	0.404082078160325	0.0043948136430817	0.0264609217138531	0.404082078160325	1
¦Á.Terpinene	K19613	0.563115076188764	3.09101640148468e-05	0.00106572456704218	0.563115076188764	1
¦Á.Terpinene	K15078	0.573004774525766	2.07799278297137e-05	0.000831197113188549	0.573004774525766	1
¦Á.Terpinene	K09286	0.402869359728215	0.00452574857205359	0.0264609217138531	0.402869359728215	1
¦Á.Terpinene	K13457	0.626583030351504	1.89663772153449e-06	0.000259566475519789	0.626583030351504	1
¦Á.Terpinene	K08286	0.493669831822341	0.000363017464000841	0.00477177999022294	0.493669831822341	1
¦Á.Terpinene	K13459	0.63462520262555	1.27274969316352e-06	0.000259566475519789	0.63462520262555	1
¦Á.Terpinene	K07478	0.471553858068715	0.00071633857518294	0.00786567847259699	0.471553858068715	1
¦Á.Terpinene	K10863	0.437591981911427	0.00186907909690039	0.0149602515368511	0.437591981911427	1
¦Á.Terpinene	K05391	-0.36966822959685	0.00971134602505254	0.0418334905694571	0.36966822959685	-1
¦Á.Terpinene	K20599	0.478128877292766	0.000588063393554162	0.00700671277426236	0.478128877292766	1
¦Á.Terpinene	K07441	-0.391349491335663	0.00594998724461018	0.0309959223988006	0.391349491335663	-1
¦Á.Terpinene	K14494	0.394881526456021	0.00547671397233526	0.0294899983125745	0.394881526456021	1
¦Á.Terpinene	K04421	-0.408357598915233	0.00395929072777537	0.0246355867506023	0.408357598915233	-1
¦Á.Terpinene	K11649	0.584089930903505	1.31099207635705e-05	0.000706673149467893	0.584089930903505	1
¦Á.Terpinene	K14489	-0.363527922387613	0.0110929527098223	0.0453434563321203	0.363527922387613	-1
¦Á.Terpinene	K18834	0.511384346425982	0.000203539674625217	0.00393042130310764	0.511384346425982	1
¦Á.Terpinene	K02183	0.497853934964919	0.000317544358404154	0.0045596113001622	0.497853934964919	1
¦Á.Terpinene	K14504	0.420203501318895	0.00294416572751067	0.0198642506916383	0.420203501318895	1
o.Cymene	K08286	0.378145105672614	0.00804907868171057	0.0360598724940634	0.378145105672614	1
¦Ä.Carene	K13457	0.402660538175889	0.00454863609234648	0.0264609217138531	0.402660538175889	1
¦Ä.Carene	K13459	0.378987399739443	0.00789823710126285	0.036006367093331	0.378987399739443	1
¦Ä.Carene	K20725	0.436649952536475	0.00191683376625395	0.0150790202983631	0.436649952536475	1
¦Ä.Carene	K11649	0.365630537227136	0.0106019721905332	0.0446398829075083	0.365630537227136	1
¦Ä.Carene	K14495	-0.428777005120685	0.00236022042869381	0.0171652394814095	0.428777005120685	-1
¦Ä.Carene	K14489	-0.391149746092112	0.0059777850340544	0.0309959223988006	0.391149746092112	-1
¦Ä.Carene	K18834	0.370517194243833	0.00953251733082061	0.0413814705834073	0.370517194243833	1
¦Ä.Carene	K02183	0.43757298775074	0.00187003144210639	0.0149602515368511	0.43757298775074	1
¦Ä.Carene	K20536	0.391964188928229	0.00586514736180286	0.0309856841755623	0.391964188928229	1
